1,12
2,12
3,12
4,12
5,14
6,15
7,15
8,15
9,15
10,15
11,14
12,15
13,15
14,15
15,15
16,15
17,16
18,16
19,16
20,16
21,16
22,17
23,19
24,18
25,18
26,19
27,20
28,20
29,18
30,18
31,19
32,19
33,20
34,20
35,21
36,21
37,21
38,21
39,21
40,21
41,22
42,22
43,21
44,21
45,22
46,23
47,22
48,22
49,23
50,23
51,22
52,23
53,23
54,23
55,23
56,23
57,23
58,24
59,24
60,23
61,24
62,23
63,23
64,23
65,23
66,23
67,24
68,25
69,25
70,26
71,26
72,27
73,25
74,25
75,25
76,25
77,26
78,26
79,25
80,26
81,26
82,26
83,27
84,28
85,28
86,28
87,27
88,28
89,28
90,29
91,29
92,30
93,30
94,30
95,30
96,30
97,29
98,29
99,29
100,29
101,29
102,29
103,29
104,29
105,29
106,29
107,29
108,30
109,30
110,30
111,30
112,30
113,31
114,30
115,30
116,30
117,30
118,30
119,30
120,31
121,32
122,32
123,32
124,32
125,32
126,32
127,32
128,32
129,31
130,33
131,33
132,33
133,33
134,33
135,33
136,33
137,32
138,32
139,33
140,32
141,32
142,33
143,32
144,33
145,33
146,33
147,33
148,33
149,33
150,33
151,33
152,33
153,33
154,33
155,33
156,33
157,33
158,33
159,33
160,33
161,34
162,34
163,34
164,34
165,34
166,34
167,33
168,34
169,34
170,34
171,34
172,33
173,34
174,34
175,33
176,33
177,33
178,33
179,33
180,33
181,33
182,33
183,33
184,33
185,33
186,33
187,33
188,34
189,34
190,33
191,33
192,34
193,34
194,34
195,34
196,34
197,34
198,34
199,34
200,34
201,34
202,34
203,34
204,34
205,34
206,34
207,34
208,34
209,33
210,34
211,34
212,34
213,34
214,33
215,34
216,33
217,33
218,33
219,33
220,33
221,33
222,34
223,34
224,34
225,34
226,34
227,34
228,34
229,34
230,34
231,35
232,35
233,36
234,36
235,35
236,35
237,34
238,35
239,35
240,35
241,35
242,35
243,35
244,35
245,35
246,34
247,34
248,34
249,35
250,34
251,34
252,35
253,34
254,34
255,34
256,34
257,34
258,34
259,34
260,34
261,34
262,34
263,34
264,34
265,34
266,34
267,34
268,34
269,34
270,34
271,34
272,34
273,34
274,34
275,34
276,34
277,34
278,35
279,35
280,35
281,35
282,35
283,35
284,35
285,35
286,35
287,35
288,35
289,35
290,35
291,35
292,35
293,35
294,35
295,35
296,35
297,35
298,35
299,35
300,35
301,35
302,35
303,35
304,35
305,35
306,35
307,35
308,35
309,35
310,35
311,35
312,35
313,35
314,35
315,35
316,34
317,34
318,35
319,34
320,34
321,34
322,35
323,35
324,35
325,35
326,35
327,35
328,35
329,35
330,35
331,35
332,35
333,35
334,35
335,35
336,35
337,35
338,36
339,35
340,35
341,35
342,35
343,35
344,35
345,35
346,35
347,36
348,35
349,35
350,35
351,35
352,35
353,35
354,35
355,35
356,36
357,35
358,36
359,35
360,36
361,35
362,35
363,35
364,35
365,35
366,35
367,35
368,35
369,35
370,36
371,35
372,36
373,35
374,36
375,36
376,36
377,36
378,36
379,36
380,36
381,36
382,36
383,36
384,37
385,37
386,37
387,37
388,37
389,37
390,37
391,37
392,37
393,37
394,37
395,37
396,37
397,37
398,37
399,37
400,37
401,37
402,37
403,37
404,37
405,37
406,37
407,37
408,37
409,37
410,37
411,37
412,37
413,37
414,37
415,37
416,37
417,37
418,37
419,37
420,37
421,37
422,37
423,37
424,37
425,37
426,37
427,37
428,37
429,37
430,37
431,37
432,37
433,37
434,37
435,36
436,37
437,36
438,37
439,37
440,37
441,37
442,37
443,37
444,36
445,36
446,37
447,37
448,36
449,36
450,37
451,37
452,37
453,37
454,37
455,37
456,36
457,37
458,36
459,37
460,37
461,37
462,37
463,37
464,37
465,36
466,37
467,37
468,37
469,36
470,36
471,36
472,37
473,36
474,36
475,36
476,36
477,36
478,37
479,37
480,37
481,36
482,37
483,37
484,37
485,37
486,37
487,37
488,38
489,37
490,37
491,37
492,37
493,37
494,37
495,37
496,37
497,38
498,37
499,38
500,37
501,38
502,37
503,37
504,36
505,37
506,37
507,37
508,36
509,37
510,37
511,37
512,37
513,37
514,37
515,37
516,37
517,37
518,37
519,37
520,37
521,38
522,38
523,38
524,38
525,38
526,38
527,38
528,38
529,38
530,38
531,38
532,38
533,38
534,38
535,38
536,38
537,38
538,37
539,38
540,39
541,39
542,39
543,38
544,38
545,38
546,38
547,38
548,38
549,38
550,38
551,38
552,38
553,38
554,37
555,38
556,38
557,37
558,37
559,37
560,38
561,38
562,38
563,38
564,38
565,38
566,38
567,38
568,38
569,38
570,38
571,38
572,38
573,37
574,38
575,38
576,38
577,38
578,38
579,38
580,38
581,39
582,38
583,39
584,38
585,39
586,39
587,39
588,39
589,37
590,38
591,37
592,38
593,38
594,38
595,37
596,38
597,38
598,38
599,38
600,38
601,37
602,38
603,37
604,38
605,38
606,38
607,38
608,38
609,37
610,38
611,38
612,39
613,39
614,39
615,39
616,39
617,38
618,39
619,37
620,38
621,37
622,38
623,37
624,38
625,38
626,38
627,38
628,38
629,38
630,38
631,38
632,38
633,38
634,39
635,38
636,39
637,39
638,38
639,39
640,38
641,39
642,38
643,38
644,39
645,39
646,39
647,38
648,39
649,39
650,39
651,39
652,39
653,38
654,39
655,39
656,39
657,39
658,39
659,39
660,39
661,39
662,39
663,39
664,39
665,39
666,39
667,39
668,40
669,40
670,40
671,40
672,39
673,40
674,39
675,40
676,40
677,40
678,40
679,40
680,40
681,40
682,40
683,40
684,40
685,40
686,40
687,40
688,40
689,40
690,40
691,39
692,40
693,39
694,41
695,41
696,41
697,41
698,41
699,41
700,41
701,41
702,41
703,41
704,41
705,41
706,41
707,41
708,41
709,41
710,41
711,41
712,41
713,42
714,42
715,42
716,42
717,41
718,42
719,42
720,42
721,42
722,42
723,42
724,42
725,41
726,42
727,42
728,42
729,42
730,43
731,43
732,44
733,44
734,44
735,44
736,44
737,44
738,44
739,44
740,44
741,44
742,43
743,44
744,43
745,43
746,43
747,43
748,43
749,43
750,42
751,43
752,43
753,43
754,44
755,43
756,43
757,43
758,42
759,43
760,42
761,42
762,43
763,43
764,43
765,43
766,42
767,43
768,43
769,43
770,43
771,44
772,43
773,43
774,43
775,43
776,43
777,43
778,43
779,43
780,43
781,43
782,43
783,42
784,43
785,43
786,43
787,43
788,43
789,43
790,43
791,43
792,43
793,42
794,43
795,42
796,43
797,42
798,43
799,43
800,43
801,44
802,43
803,43
804,44
805,43
806,42
807,43
808,44
809,42
810,43
811,43
812,43
813,42
814,43
815,44
816,43
817,43
818,43
819,43
820,42
821,43
822,43
823,43
824,43
825,43
826,43
827,43
828,43
829,43
830,43
831,43
832,43
833,43
834,43
835,43
836,43
837,43
838,43
839,43
840,43
841,43
842,44
843,44
844,43
845,43
846,43
847,43
848,44
849,44
850,44
851,44
852,44
853,44
854,43
855,42
856,42
857,44
858,43
859,44
860,44
861,44
862,44
863,44
864,44
865,44
866,44
867,43
868,44
869,44
870,43
871,43
872,44
873,44
874,44
875,43
876,43
877,43
878,43
879,43
880,43
881,43
882,43
883,43
884,44
885,44
886,44
887,44
888,44
889,44
890,44
891,43
892,42
893,43
894,42
895,43
896,43
897,43
898,42
899,43
900,42
901,43
902,42
903,43
904,44
905,43
906,43
907,43
908,43
909,43
910,43
911,43
912,43
913,43
914,43
915,43
916,43
917,43
918,43
919,43
920,43
921,42
922,43
923,43
924,42
925,43
926,43
927,43
928,43
929,42
930,43
931,42
932,43
933,42
934,43
935,43
936,44
937,44
938,44
939,44
940,43
941,43
942,42
943,43
944,44
945,44
946,44
947,44
948,44
949,44
950,44
951,44
952,44
953,44
954,44
955,44
956,44
957,44
958,43
959,43
960,43
961,44
962,43
963,43
964,43
965,44
966,44
967,43
968,43
969,44
970,43
971,44
972,44
973,44
974,44
975,44
976,44
977,43
978,44
979,43
980,44
981,43
982,44
983,44
984,44
985,43
986,43
987,43
988,43
989,43
990,43
991,43
992,43
993,43
994,44
995,43
996,44
997,43
998,44
999,43
global max fitness is 44
it used 1000 genenration
